<?xml version="1.0" encoding="utf-8"?>
<propertyfile version="1.1" name="" comment="Written by ImFusionLib, 2024-01-15 10:22:17">
	<param name="workspaceVersion">23</param>
	<property name="Datasets">
		<property name="Data">
			<param name="filename">Labels/final/001_previous.nii</param>
			<param name="name">001_previous</param>
			<param name="original">1</param>
			<param name="topDown">1</param>
			<param name="uid">data0</param>
			<param name="transformation">0.937530475566973 -0.347903158052877 2.90166952328839e-09 -10.7487434036066 2.90166949668337e-09 -5.21024129643293e-10 -1 -6.53696198534251 0.347903158052877 0.937530475566973 5.21023981475503e-10 46.0853723819633 0 0 0 1 </param>
			<property name="Components">
				<property name="DisplayOptions2d">
					<param name="gamma">1</param>
					<param name="invert">0</param>
					<param name="useMask">1</param>
					<param name="windowingInitialized">0</param>
					<param name="wlInOriginalValues">1</param>
					<property name="TransferFunction">
						<param name="window">255</param>
						<param name="level">127.5</param>
						<param name="presetName"/>
						<param name="textureSize">256</param>
						<param name="mode">0</param>
					</property>
				</property>
				<property name="DisplayOptions3d">
					<param name="alpha">1</param>
					<param name="invert">0</param>
					<param name="useMask">1</param>
					<param name="wlInOriginalValues">1</param>
					<property name="TransferFunction">
						<param name="window">2774</param>
						<param name="level">363</param>
						<param name="presetName">CT Bone</param>
						<param name="textureSize">256</param>
						<param name="mode">0</param>
						<property name="Tissues">
							<property name="Tissue">
								<property name="KeyPoint">
									<param name="position">0.4</param>
									<param name="color">0.752941176470588 0.250980392156863 0.125490196078431 0 </param>
								</property>
								<property name="KeyPoint">
									<param name="position">0.5</param>
									<param name="color">0.975 0.9 0.82 0.6 </param>
								</property>
								<property name="KeyPoint">
									<param name="position">0.6</param>
									<param name="color">1 1 1 0.6 </param>
								</property>
								<property name="KeyPoint">
									<param name="position">1</param>
									<param name="color">0.9 0.9 0.9 0.6 </param>
								</property>
							</property>
						</property>
					</property>
				</property>
				<property name="TransformationStashDataComponent">
					<param name="original">0.937530469580417 -0.347903166548138 2.90166948567736e-09 -10.7487443385142 2.90166948815959e-09 -5.2102412762584e-10 -1 -6.53696198534253 0.347903153275819 0.937530493379018 5.21024114438176e-10 46.0853728412357 0 0 0 1 
</param>
					<property name="stored">
						<param name="matrices">0.937530475566973 -0.347903158052877 2.90166949668337e-09 -10.7487434036066 2.90166949668337e-09 -5.21024108049221e-10 -1 -6.53696198534251 0.347903158052877 0.937530475566973 5.21024108049222e-10 46.0853723819633 0 0 0 1 
</param>
						<param name="name">Standard Slicing</param>
					</property>
				</property>
				<property name="LabelDataComponent">
					<param name="sourceModality">0</param>
					<property name="LabelConfig">
						<param name="pixelValue">0</param>
						<param name="name">Background</param>
						<param name="color">0 0 0 0 </param>
						<param name="isVisible2d">0</param>
						<param name="isVisible3d">0</param>
						<param name="segmentationAlgorithmType">0</param>
						<param name="segmentationAlgorithmName"/>
					</property>
					<property name="LabelConfig">
						<param name="pixelValue">1</param>
						<param name="name">Label 1</param>
						<param name="color">0.898 0.223 0.207 1 </param>
						<param name="isVisible2d">1</param>
						<param name="isVisible3d">1</param>
						<param name="segmentationAlgorithmType">0</param>
						<param name="segmentationAlgorithmName"/>
					</property>
					<property name="LabelConfig">
						<param name="pixelValue">2</param>
						<param name="name">Label 2</param>
						<param name="color">0 0.6 0.756 1 </param>
						<param name="isVisible2d">1</param>
						<param name="isVisible3d">1</param>
						<param name="segmentationAlgorithmType">0</param>
						<param name="segmentationAlgorithmName"/>
					</property>
					<property name="LabelConfig">
						<param name="pixelValue">3</param>
						<param name="name">Label 3</param>
						<param name="color">0.992 0.847 0.207 1 </param>
						<param name="isVisible2d">1</param>
						<param name="isVisible3d">1</param>
						<param name="segmentationAlgorithmType">0</param>
						<param name="segmentationAlgorithmName"/>
					</property>
					<property name="LabelConfig">
						<param name="pixelValue">4</param>
						<param name="name">Label 4</param>
						<param name="color">0.262 0.627 0.278 1 </param>
						<param name="isVisible2d">1</param>
						<param name="isVisible3d">1</param>
						<param name="segmentationAlgorithmType">0</param>
						<param name="segmentationAlgorithmName"/>
					</property>
					<property name="LabelConfig">
						<param name="pixelValue">5</param>
						<param name="name">Label 5</param>
						<param name="color">0.611 0.152 0.69 1 </param>
						<param name="isVisible2d">1</param>
						<param name="isVisible3d">1</param>
						<param name="segmentationAlgorithmType">0</param>
						<param name="segmentationAlgorithmName"/>
					</property>
					<property name="LabelConfig">
						<param name="pixelValue">6</param>
						<param name="name">Label 6</param>
						<param name="color">0.984 0.549 0 1 </param>
						<param name="isVisible2d">1</param>
						<param name="isVisible3d">1</param>
						<param name="segmentationAlgorithmType">0</param>
						<param name="segmentationAlgorithmName"/>
					</property>
					<property name="LabelConfig">
						<param name="pixelValue">7</param>
						<param name="name">Label 7</param>
						<param name="color">0.956 0.56 0.694 1 </param>
						<param name="isVisible2d">1</param>
						<param name="isVisible3d">1</param>
						<param name="segmentationAlgorithmType">0</param>
						<param name="segmentationAlgorithmName"/>
					</property>
					<property name="LabelConfig">
						<param name="pixelValue">8</param>
						<param name="name">Label 8</param>
						<param name="color">0.117 0.533 0.898 1 </param>
						<param name="isVisible2d">1</param>
						<param name="isVisible3d">1</param>
						<param name="segmentationAlgorithmType">0</param>
						<param name="segmentationAlgorithmName"/>
					</property>
					<property name="LabelConfig">
						<param name="pixelValue">9</param>
						<param name="name">Label 9</param>
						<param name="color">0.901 0.933 0.611 1 </param>
						<param name="isVisible2d">1</param>
						<param name="isVisible3d">1</param>
						<param name="segmentationAlgorithmType">0</param>
						<param name="segmentationAlgorithmName"/>
					</property>
				</property>
			</property>
		</property>
		<property name="Data">
			<param name="filename">Labels/final/LabelsDani.nii</param>
			<param name="name">LabelsDani</param>
			<param name="original">1</param>
			<param name="topDown">1</param>
			<param name="uid">data1</param>
			<param name="transformation">0.937530469580417 -0.347903166548138 2.90166948567736e-09 -10.7487443385142 2.90166948815959e-09 -5.2102412762584e-10 -1 -6.53696198534253 0.347903153275819 0.937530493379018 5.21024114438176e-10 46.0853728412357 0 0 0 1 </param>
			<property name="Components">
				<property name="DisplayOptions2d">
					<param name="gamma">1</param>
					<param name="invert">0</param>
					<param name="useMask">1</param>
					<param name="windowingInitialized">0</param>
					<param name="wlInOriginalValues">1</param>
					<property name="TransferFunction">
						<param name="window">255</param>
						<param name="level">127.5</param>
						<param name="presetName"/>
						<param name="textureSize">256</param>
						<param name="mode">0</param>
					</property>
				</property>
				<property name="DisplayOptions3d">
					<param name="alpha">1</param>
					<param name="invert">0</param>
					<param name="useMask">1</param>
					<param name="wlInOriginalValues">1</param>
					<property name="TransferFunction">
						<param name="window">2774</param>
						<param name="level">363</param>
						<param name="presetName">CT Bone</param>
						<param name="textureSize">256</param>
						<param name="mode">0</param>
						<property name="Tissues">
							<property name="Tissue">
								<property name="KeyPoint">
									<param name="position">0.4</param>
									<param name="color">0.752941176470588 0.250980392156863 0.125490196078431 0 </param>
								</property>
								<property name="KeyPoint">
									<param name="position">0.5</param>
									<param name="color">0.975 0.9 0.82 0.6 </param>
								</property>
								<property name="KeyPoint">
									<param name="position">0.6</param>
									<param name="color">1 1 1 0.6 </param>
								</property>
								<property name="KeyPoint">
									<param name="position">1</param>
									<param name="color">0.9 0.9 0.9 0.6 </param>
								</property>
							</property>
						</property>
					</property>
				</property>
				<property name="LabelDataComponent">
					<param name="sourceModality">0</param>
					<property name="LabelConfig">
						<param name="pixelValue">0</param>
						<param name="name">Background</param>
						<param name="color">0 0 0 1 </param>
						<param name="isVisible2d">0</param>
						<param name="isVisible3d">0</param>
						<param name="segmentationAlgorithmType">0</param>
						<param name="segmentationAlgorithmName"/>
					</property>
					<property name="LabelConfig">
						<param name="pixelValue">2</param>
						<param name="name">Label 2</param>
						<param name="color">0 0.6 0.756 1 </param>
						<param name="isVisible2d">1</param>
						<param name="isVisible3d">1</param>
						<param name="segmentationAlgorithmType">0</param>
						<param name="segmentationAlgorithmName"/>
					</property>
					<property name="LabelConfig">
						<param name="pixelValue">3</param>
						<param name="name">Label 3</param>
						<param name="color">0.992 0.847 0.207 1 </param>
						<param name="isVisible2d">1</param>
						<param name="isVisible3d">1</param>
						<param name="segmentationAlgorithmType">0</param>
						<param name="segmentationAlgorithmName"/>
					</property>
					<property name="LabelConfig">
						<param name="pixelValue">4</param>
						<param name="name">Label 4</param>
						<param name="color">0.262 0.627 0.278 1 </param>
						<param name="isVisible2d">1</param>
						<param name="isVisible3d">1</param>
						<param name="segmentationAlgorithmType">0</param>
						<param name="segmentationAlgorithmName"/>
					</property>
					<property name="LabelConfig">
						<param name="pixelValue">5</param>
						<param name="name">Label 5</param>
						<param name="color">0.611 0.152 0.69 1 </param>
						<param name="isVisible2d">1</param>
						<param name="isVisible3d">1</param>
						<param name="segmentationAlgorithmType">0</param>
						<param name="segmentationAlgorithmName"/>
					</property>
					<property name="LabelConfig">
						<param name="pixelValue">6</param>
						<param name="name">Label 6</param>
						<param name="color">0.984 0.549 0 1 </param>
						<param name="isVisible2d">1</param>
						<param name="isVisible3d">1</param>
						<param name="segmentationAlgorithmType">0</param>
						<param name="segmentationAlgorithmName"/>
					</property>
					<property name="LabelConfig">
						<param name="pixelValue">7</param>
						<param name="name">Label 7</param>
						<param name="color">0.956 0.56 0.694 1 </param>
						<param name="isVisible2d">1</param>
						<param name="isVisible3d">1</param>
						<param name="segmentationAlgorithmType">0</param>
						<param name="segmentationAlgorithmName"/>
					</property>
					<property name="LabelConfig">
						<param name="pixelValue">8</param>
						<param name="name">Label 8</param>
						<param name="color">0.117 0.533 0.898 1 </param>
						<param name="isVisible2d">1</param>
						<param name="isVisible3d">1</param>
						<param name="segmentationAlgorithmType">0</param>
						<param name="segmentationAlgorithmName"/>
					</property>
					<property name="LabelConfig">
						<param name="pixelValue">9</param>
						<param name="name">Label 9</param>
						<param name="color">0.901 0.933 0.611 1 </param>
						<param name="isVisible2d">1</param>
						<param name="isVisible3d">1</param>
						<param name="segmentationAlgorithmType">0</param>
						<param name="segmentationAlgorithmName"/>
					</property>
					<property name="LabelConfig">
						<param name="pixelValue">12</param>
						<param name="name">Label 12</param>
						<param name="color">0 0.5 0.533 1 </param>
						<param name="isVisible2d">1</param>
						<param name="isVisible3d">1</param>
						<param name="segmentationAlgorithmType">0</param>
						<param name="segmentationAlgorithmName"/>
					</property>
					<property name="LabelConfig">
						<param name="pixelValue">20</param>
						<param name="name">Label 20</param>
						<param name="color">0.9 0.09 0.63 1 </param>
						<param name="isVisible2d">1</param>
						<param name="isVisible3d">1</param>
						<param name="segmentationAlgorithmType">0</param>
						<param name="segmentationAlgorithmName"/>
					</property>
				</property>
			</property>
		</property>
		<property name="Data">
			<param name="filename">00001.nii</param>
			<param name="name">00001</param>
			<param name="original">1</param>
			<param name="topDown">1</param>
			<param name="uid">data2</param>
			<param name="transformation">0.937530475566973 -0.347903158052877 2.90166952328839e-09 -10.7487434036066 2.90166949668337e-09 -5.21024129643293e-10 -1 -6.53696198534251 0.347903158052877 0.937530475566973 5.21023981475503e-10 46.0853723819633 0 0 0 1 </param>
			<property name="Components">
				<property name="DisplayOptions2d">
					<param name="gamma">1</param>
					<param name="invert">0</param>
					<param name="useMask">1</param>
					<param name="windowingInitialized">1</param>
					<param name="wlInOriginalValues">1</param>
					<property name="TransferFunction">
						<param name="window">693</param>
						<param name="level">346.5</param>
						<param name="presetName"/>
						<param name="textureSize">256</param>
						<param name="mode">0</param>
					</property>
				</property>
				<property name="DisplayOptions3d">
					<param name="alpha">1</param>
					<param name="invert">0</param>
					<param name="useMask">1</param>
					<param name="wlInOriginalValues">1</param>
					<property name="TransferFunction">
						<param name="window">2774</param>
						<param name="level">363</param>
						<param name="presetName">CT Bone</param>
						<param name="textureSize">256</param>
						<param name="mode">0</param>
						<property name="Tissues">
							<property name="Tissue">
								<property name="KeyPoint">
									<param name="position">0.4</param>
									<param name="color">0.752941176470588 0.250980392156863 0.125490196078431 0 </param>
								</property>
								<property name="KeyPoint">
									<param name="position">0.5</param>
									<param name="color">0.975 0.9 0.82 0.6 </param>
								</property>
								<property name="KeyPoint">
									<param name="position">0.6</param>
									<param name="color">1 1 1 0.6 </param>
								</property>
								<property name="KeyPoint">
									<param name="position">1</param>
									<param name="color">0.9 0.9 0.9 0.6 </param>
								</property>
							</property>
						</property>
					</property>
				</property>
				<property name="TransformationStashDataComponent">
					<param name="original">0.937530475566973 -0.347903158052877 2.90166949668337e-09 -10.7487434036066 2.90166949668337e-09 -5.21024108049221e-10 -1 -6.53696198534251 0.347903158052877 0.937530475566973 5.21024108049222e-10 46.0853723819633 0 0 0 1 
</param>
					<property name="stored">
						<param name="matrices">0.937530475566973 -0.347903158052877 2.90166949668337e-09 -10.7487434036066 2.90166949668337e-09 -5.21024108049221e-10 -1 -6.53696198534251 0.347903158052877 0.937530475566973 5.21024108049222e-10 46.0853723819633 0 0 0 1 
</param>
						<param name="name">Standard Slicing</param>
					</property>
				</property>
			</property>
		</property>
	</property>
	<property name="Interface">
		<param name="outputUids">"data0" "data1" "data2" </param>
		<param name="inputUids"/>
	</property>
	<property name="Algorithms">
		<property name="NIFTI File">
			<param name="location">Labels/final/001_previous.nii</param>
			<param name="modality">0</param>
			<param name="keepRasCoordinates">0</param>
			<param name="execute">1</param>
			<param name="inputUids"/>
			<param name="outputUids">"data0" </param>
		</property>
		<property name="Set Modality">
			<param name="modality">8</param>
			<param name="resetDisplayOptions">1</param>
			<param name="execute">1</param>
			<param name="inputUids">"data0" </param>
			<param name="outputUids"/>
		</property>
		<property name="NIFTI File">
			<param name="location">Labels/final/LabelsDani.nii</param>
			<param name="modality">0</param>
			<param name="keepRasCoordinates">0</param>
			<param name="execute">1</param>
			<param name="inputUids"/>
			<param name="outputUids">"data1" </param>
		</property>
		<property name="Set Modality">
			<param name="modality">8</param>
			<param name="resetDisplayOptions">1</param>
			<param name="execute">1</param>
			<param name="inputUids">"data1" </param>
			<param name="outputUids"/>
		</property>
		<property name="NIFTI File">
			<param name="location">00001.nii</param>
			<param name="modality">0</param>
			<param name="keepRasCoordinates">0</param>
			<param name="execute">1</param>
			<param name="inputUids"/>
			<param name="outputUids">"data2" </param>
		</property>
		<property name="Set Modality">
			<param name="modality">3</param>
			<param name="resetDisplayOptions">0</param>
			<param name="execute">1</param>
			<param name="inputUids">"data2" </param>
			<param name="outputUids"/>
		</property>
		<property name="Segmentation Toolbox">
			<param name="execute">1</param>
			<param name="inputUids">"data2" "data0" </param>
			<param name="outputUids"/>
		</property>
		<property name="Segmentation Toolbox">
			<param name="inputUids">"data2" "data0" </param>
			<param name="outputUids"/>
		</property>
		<property name="Edit Transformation">
			<param name="useEulerParameters">0</param>
			<param name="matrix">0.937530475566973 -0.347903158052877 2.90166949668337e-09 -10.7487434036066 2.90166949668337e-09 -5.21024108049221e-10 -1 -6.53696198534251 0.347903158052877 0.937530475566973 5.21024108049222e-10 46.0853723819633 0 0 0 1 </param>
			<param name="translation">0 0 0 </param>
			<param name="rotation">0 0 0 </param>
			<param name="scaling">0 0 0 </param>
			<param name="shearing">0 0 0 </param>
			<param name="inputUids">"data0" </param>
			<param name="outputUids"/>
		</property>
		<property name="Edit Transformation">
			<param name="useEulerParameters">0</param>
			<param name="matrix">0.937530475566973 -0.347903158052877 2.90166949668337e-09 -10.7487434036066 2.90166949668337e-09 -5.21024108049221e-10 -1 -6.53696198534251 0.347903158052877 0.937530475566973 5.21024108049222e-10 46.0853723819633 0 0 0 1 </param>
			<param name="translation">0 0 0 </param>
			<param name="rotation">0 0 0 </param>
			<param name="scaling">0 0 0 </param>
			<param name="shearing">0 0 0 </param>
			<param name="inputUids">"data2" </param>
			<param name="outputUids"/>
		</property>
	</property>
	<property name="Display">
		<param name="layoutMode">0</param>
		<param name="focusedView">0</param>
		<param name="viewOrder">0 1 2 3 4 </param>
		<property name="Views">
			<property name="0">
				<param name="isVisible">0</param>
				<param name="interpolation">1</param>
				<param name="flip">1</param>
				<param name="blendingMode">1</param>
				<param name="zoom">1</param>
				<param name="showZoom">1</param>
				<param name="showIn3D">1</param>
				<param name="viewMatrix">1 0 0 0 0 1 0 0 0 0 1 0 0 0 0 1 </param>
				<param name="sliceMatrix">1 0 0 0 0 1 0 0 0 0 1 0 0 0 0 1 </param>
				<param name="showOrientationMarkers">0</param>
				<param name="displayOptionsSource">1</param>
				<param name="sliceThickness">0</param>
			</property>
			<property name="1">
				<param name="isVisible">1</param>
				<param name="interpolation">1</param>
				<param name="flip">1</param>
				<param name="blendingMode">1</param>
				<param name="zoom">0.449328964117222</param>
				<param name="showZoom">1</param>
				<param name="showIn3D">1</param>
				<param name="viewMatrix">0.937240156617687 0.348684511877506 -1.71905908879221e-18 -0.462892717896331 -0.348684511877506 0.937240156617687 -4.62071343788472e-18 -74.7688532965441 -3.08148791101958e-33 4.93012746547262e-18 1 -67.8191911036645 0 0 0 1 </param>
				<param name="sliceMatrix">0.937240156617687 0.348684511877506 -1.71905908879221e-18 -0.462892717896329 -0.348684511877506 0.937240156617687 -4.62071343788472e-18 -74.7688532965441 -3.08148791101958e-33 4.93012746547262e-18 1 -67.8191911036645 0 0 0 1 </param>
				<param name="showOrientationMarkers">0</param>
				<param name="displayOptionsSource">1</param>
				<param name="sliceThickness">0</param>
			</property>
			<property name="2">
				<param name="isVisible">1</param>
				<param name="interpolation">1</param>
				<param name="flip">1</param>
				<param name="blendingMode">1</param>
				<param name="zoom">0.449328964117222</param>
				<param name="showZoom">1</param>
				<param name="showIn3D">1</param>
				<param name="viewMatrix">0.348684511877506 1.71905908879221e-18 -0.937240156617687 15.2629524561261 0.937240156617687 4.62071343788472e-18 0.348684511877506 -54.8861671895182 4.93012746547262e-18 -1 3.08148791101958e-33 -6.5369619781648 0 0 0 1 </param>
				<param name="sliceMatrix">0.348684511877506 1.71905908879221e-18 -0.937240156617687 15.2629524561261 0.937240156617687 4.62071343788472e-18 0.348684511877506 -54.8861671895182 4.93012746547262e-18 -1 3.08148791101958e-33 -6.5369619781648 0 0 0 1 </param>
				<param name="showOrientationMarkers">0</param>
				<param name="displayOptionsSource">1</param>
				<param name="sliceThickness">0</param>
			</property>
			<property name="3">
				<param name="isVisible">1</param>
				<param name="interpolation">1</param>
				<param name="flip">1</param>
				<param name="blendingMode">1</param>
				<param name="zoom">0.449328964117222</param>
				<param name="showZoom">1</param>
				<param name="showIn3D">1</param>
				<param name="viewMatrix">0.937240156617686 1.71905908879221e-18 0.348684511877506 34.1789435954214 -0.348684511877506 4.62071343788472e-18 0.937240156617686 -62.9444488106957 0 -1 4.93012746547262e-18 -57.8037650045596 0 0 0 1 </param>
				<param name="sliceMatrix">0.937240156617686 1.71905908879221e-18 0.348684511877506 34.1789435954214 -0.348684511877506 4.62071343788472e-18 0.937240156617686 -62.9444488106957 0 -1 4.93012746547262e-18 -57.8037650045596 0 0 0 1 </param>
				<param name="showOrientationMarkers">0</param>
				<param name="displayOptionsSource">1</param>
				<param name="sliceThickness">0</param>
			</property>
			<property name="4">
				<param name="isVisible">1</param>
				<param name="volumeRendererName">Global Illumination Volume Renderer</param>
				<param name="sceneCenter">-5.95597205782911 -46.9459628645638 -6.5369619781648 </param>
				<param name="displayOptionsSource">1</param>
				<param name="ssaoMode">0</param>
				<property name="Camera">
					<param name="poseMatrix">1 -0 -0 5.95597146742028 -0 0 1 6.53696197816481 -0 -1 0 -443.733781681039 0 0 -0 1 </param>
					<param name="mode">0</param>
					<param name="principalPoint">0.5 0.5 </param>
					<param name="focalLength">1.37373870972731 1.37373870972731 </param>
					<param name="frustumHeight">100</param>
				</property>
				<property name="VolumeRenderer">
					<param name="useShadow">1</param>
					<param name="shadowVolumeSize">128</param>
					<param name="shadowAttenuation">0.9825</param>
					<param name="chromaDepthMode">1</param>
				</property>
			</property>
		</property>
		<property name="VisibleData">
			<property name="0">
				<param name="visible"/>
			</property>
			<property name="1">
				<param name="visible">"data2" </param>
			</property>
			<property name="2">
				<param name="visible">"data2" </param>
			</property>
			<property name="3">
				<param name="visible">"data2" </param>
			</property>
			<property name="4">
				<param name="visible">"data2" </param>
			</property>
		</property>
	</property>
</propertyfile>
